Init...
array([[  1.33063807e+01,   2.26532209e+00,   2.79007266e+00,
          7.62116874e+01,   3.22668001e+01,   4.45067146e+01,
         -2.06017024e-04],
       [  1.81310571e+00,   1.25324837e+01,   2.22799610e+00,
          2.29962814e+01,   6.17942353e+01,   2.89434941e+01,
         -1.42833282e-04],
       [  2.81573819e-01,   4.20761209e-01,   1.21430715e+01,
         -1.30642971e+01,  -1.18690061e+01,   2.39762336e+01,
          2.43524694e-05],
       [  6.19123166e+01,   1.92568266e+01,   2.33384343e+01,
          5.46166746e+02,   2.77269200e+02,   3.82395902e+02,
         -1.77709045e-03],
       [  1.31210567e+01,   5.30976478e+01,   1.64039126e+01,
          1.60596903e+02,   3.87862217e+02,   2.00462960e+02,
         -1.01373775e-03],
       [ -4.58538493e+00,  -2.42345467e+00,   4.61713046e+01,
         -2.03496647e+02,  -1.83446120e+02,  -8.56606485e+00,
          8.09733019e-04],
       [ -1.80628939e-04,  -1.65760457e-04,  -2.04289187e-04,
         -2.71200583e-03,  -2.47266342e-03,  -3.44022063e-03,
          1.69527880e-08]])
array([[  1.23059244e+01,   1.76987252e+00,   2.24129658e+00,
          1.65068111e+02,   8.40151096e+01,   6.45466330e+01,
         -1.34327726e-04],
       [  1.23963969e+00,   1.14739165e+01,   1.48806517e+00,
          6.39217783e+01,   1.14129030e+02,   3.76887147e+01,
         -8.61475587e-05],
       [ -6.02636321e-01,  -4.60996862e-01,   1.00726304e+01,
         -3.89757977e+01,  -3.34917626e+01,   2.62842179e+01,
          3.66695809e-05],
       [  1.42273270e+02,   6.95410230e+01,   7.49541476e+01,
          3.62168651e+03,   2.51703686e+03,   1.98466789e+03,
         -4.42888369e-03],
       [  5.53118968e+01,   1.10343112e+02,   5.17113821e+01,
          2.05009116e+03,   2.22421061e+03,   1.28629482e+03,
         -2.99640215e-03],
       [ -7.92065706e-01,  -7.66073599e-03,   6.42735891e+01,
         -3.28351478e+02,  -2.87808772e+02,   2.05767234e+02,
          2.82082658e-04],
       [ -1.64801265e-04,  -1.48706766e-04,  -1.86854470e-04,
         -7.44127553e-03,  -6.16535586e-03,  -5.26039594e-03,
          1.26689233e-08]])
array([[  1.51914042e+01,   2.89605828e+00,   2.56980666e+00,
          4.13709726e+02,   2.38292447e+02,   1.45481830e+02,
         -8.66196490e-05],
       [  2.29227213e+00,   1.36160585e+01,   1.60441334e+00,
          1.93985767e+02,   2.84266065e+02,   9.11557048e+01,
         -5.94014665e-05],
       [ -5.45733312e-01,  -4.83921497e-01,   1.10391623e+01,
         -3.79216288e+01,  -3.46144421e+01,   7.96082180e+01,
          7.43743017e-06],
       [  4.03489822e+02,   2.33588508e+02,   2.01776956e+02,
          2.01835250e+04,   1.52732753e+04,   9.82476139e+03,
         -7.09518871e-03],
       [  2.13423767e+02,   3.03755361e+02,   1.51964785e+02,
          1.39720042e+04,   1.33229051e+04,   7.32028348e+03,
         -5.45859370e-03],
       [  5.49355236e+01,   4.58203770e+01,   1.58853178e+02,
          3.11839783e+03,   2.53031397e+03,   2.98208473e+03,
         -1.44231855e-03],
       [ -1.48847320e-04,  -1.28673733e-04,  -1.34779417e-04,
         -1.23492772e-02,  -1.03203922e-02,  -7.15832166e-03,
          5.94580255e-09]])
array([[  1.72845316e+01,   2.24292855e+00,   1.72060759e+00,
          3.71321797e+02,   1.44814222e+02,   5.94296284e+01,
         -2.70337581e-05],
       [  2.01491923e+00,   1.62875150e+01,   1.11999074e+00,
          1.26750286e+02,   2.88553838e+02,   3.78796469e+01,
         -2.35434892e-05],
       [  4.19693616e-01,   2.80566073e-01,   1.42779105e+01,
         -1.78571062e+01,  -1.48391326e+01,   1.72250590e+02,
         -1.06738389e-05],
       [  3.11823836e+02,   8.83679246e+01,  -1.78052421e+01,
          9.71494616e+03,   4.74190193e+03,  -1.68512734e+03,
          1.72260237e-03],
       [  9.45938928e+01,   2.56413606e+02,  -1.33284512e+01,
          4.80899017e+03,   6.28185171e+03,  -1.25153213e+03,
          1.08584061e-03],
       [  2.19687687e+01,   1.85990035e+01,   2.00157847e+02,
         -4.10268969e+02,  -2.17705549e+02,   3.32628383e+03,
         -7.79599410e-04],
       [ -5.23184395e-05,  -4.76884453e-05,  -5.53473332e-05,
         -3.21569840e-04,  -6.68090051e-04,  -2.60841602e-03,
          1.88421548e-09]])
array([[  1.76227540e+01,   1.12797288e+00,  -1.52601787e-01,
          3.19364459e+02,   7.64006543e+01,  -8.32002435e+01,
          1.10884334e-05],
       [  1.11463748e+00,   1.68647978e+01,  -1.50825841e-01,
          7.43742256e+01,   2.49391259e+02,  -5.19291285e+01,
          4.12971020e-06],
       [ -5.80553821e-02,  -1.02741983e-02,   1.61755819e+01,
         -7.03127007e+01,  -4.12806222e+01,   2.80255930e+02,
         -8.53426983e-06],
       [  3.00965614e+02,   5.49533676e+01,  -1.26541072e+02,
          8.90231470e+03,   3.30813453e+03,  -7.85143725e+03,
          2.29206460e-03],
       [  6.49639442e+01,   2.37607383e+02,  -7.82748572e+01,
          3.70565221e+03,   4.96510707e+03,  -4.90845609e+03,
          1.37420300e-03],
       [ -6.25679161e+01,  -2.78203450e+01,   3.26787761e+02,
         -4.63618504e+03,  -2.46408442e+03,   9.73820999e+03,
         -1.86011125e-03],
       [ -4.47278871e-06,  -1.28535267e-05,  -5.21371591e-05,
          1.52271156e-03,   5.59764361e-04,  -3.71673415e-03,
          1.48822604e-09]])
